%% ----------------- Airfoil Eppler E214C-PT database ------------------ %%
%%%%%%%%%%%%%%%%%%%%%%%%%%%%%%%%%%%%%%%%%%%%%%%%%%%%%%%%%%%%%%%%%%%%%%%%%%%
%   Function: getAirfoilDataE214_MultiRe_cleaned
%   Project: sabemmt
%   Author: Miguel Frade
%   Affiliation at time of publication: Universidad Politecnica de Madrid
%   Date: December 2025
%   License: MIT
%
%   Description:
%       Database containing the aerodynamic characteristics of the 
%       Eppler E214C-PT airfoil.
%
%   Data Content:
%       - Geometric coordinates (x, y)
%       - Lift (Cl) and Drag (Cd) coefficients tabulated against:
%         * Angle of Attack (Alpha)
%         * Reynolds Number (Re)
%
%   Source & Methodology:
%       1. Geometry Reference: The airfoil geometry and initial reference
%          data were extracted from the book:
%          "Airfoils at Low Speeds" by Michael S. Selig, John F. Donovan,
%          and David B. Fraser (SoarTech 8, 1989)
%       2. Polars: The Cl/Cd tables provided here were calculated using 
%          XFOIL simulations based on that extracted geometry.
%
%   Outputs:
%       data - Struct containing interpolation grids and raw matrices.
%%%%%%%%%%%%%%%%%%%%%%%%%%%%%%%%%%%%%%%%%%%%%%%%%%%%%%%%%%%%%%%%%%%%%%%%%%%

function data = getAirfoilDataE214_MultiRe_cleaned()

    data.x_u = [0 0.0021 0.00856 0.01904 0.03434 0.05349 0.07665 0.10366 0.13424 0.16816 0.2051 0.24474 0.28674 0.33076 0.37645 0.42346 0.47142 0.51991 0.56852 0.61682 0.6643 0.7104 0.75457 0.79626 0.83508 0.87072 0.90279 0.93081 0.95431 0.97312 0.98737 0.99669 1 ];
    data.y_u = [0 0.00619 0.01465 0.02379 0.03331 0.04258 0.05168 0.06028 0.06822 0.07532 0.08142 0.08639 0.09008 0.09241 0.09332 0.09281 0.09093 0.08776 0.08344 0.07813 0.07207 0.06544 0.05841 0.05102 0.04344 0.03576 0.02833 0.02139 0.01501 0.00916 0.00422 0.00104 0 ];
    data.x_l = [0 5e-05 0.0036 0.01326 0.0283 0.04858 0.0739 0.10406 0.13874 0.17759 0.22017 0.26599 0.31449 0.36508 0.41714 0.4703 0.5245 0.57932 0.634 0.6877 0.73959 0.78883 0.83461 0.87612 0.91365 0.94632 0.96809 0.98852 0.99646 1 ];
    data.y_l = [0 -0.00086 -0.00632 -0.01087 -0.01475 -0.01784 -0.02011 -0.02161 -0.02236 -0.02245 -0.02193 -0.02086 -0.01928 -0.01721 -0.01453 -0.011 -0.00678 -0.00245 0.00155 0.00495 0.00756 0.00923 0.00994 0.0097 0.00862 0.00684 0.00461 0.00235 0.00065 0 ];

    data.Re = [10000 20000 40000 60000 80000 100000 ];
    data.alpha_deg = [-4 -3.5 -3 -2.5 -2 -1.5 -1 -0.5 0 0.5 1 1.5 2 2.5 3 3.5 4 4.5 5 5.5 6 6.5 7 7.5 8 8.5 9 9.5 10 10.5 11 11.5 12 12.5 13 13.5 14 ];

    % Matrix Rows: Alpha, Columns: Reynolds
    data.cl_matrix = [ ...
        -0.23350 -0.37530 -0.37530 -0.30180 -0.28970 -0.20040 ; ... % Alpha = -4
        -0.04130 -0.32180 -0.24590 -0.22990 -0.22280 -0.11790 ; ... % Alpha = -3.5
        -0.06320 -0.25100 -0.18330 -0.17540 -0.12840 -0.03550 ; ... % Alpha = -3
        -0.09660 -0.18630 -0.12840 -0.12290 -0.04230  0.04380 ; ... % Alpha = -2.5
        -0.13930 -0.15270 -0.07320 -0.07460  0.04410  0.11650 ; ... % Alpha = -2
        -0.12530 -0.16070 -0.06070 -0.02210  0.09310  0.17360 ; ... % Alpha = -1.5
        -0.07160 -0.06640 -0.06820 -0.00180  0.13110  0.22600 ; ... % Alpha = -1
        -0.02280 -0.00940  0.00190  0.08550  0.19590  0.26570 ; ... % Alpha = -0.5
         0.02300  0.04010  0.05570  0.17670  0.29020  0.35120 ; ... % Alpha = 0
         0.06660  0.08570  0.10260  0.25970  0.36890  0.44040 ; ... % Alpha = 0.5
         0.10870  0.12890  0.14580  0.33740  0.44290  0.53030 ; ... % Alpha = 1
         0.14890  0.16950  0.18600  0.40400  0.51490  0.60390 ; ... % Alpha = 1.5
         0.18750  0.20820  0.26020  0.46850  0.59750  0.68780 ; ... % Alpha = 2
         0.22520  0.24580  0.33550  0.53520  0.66620  0.75710 ; ... % Alpha = 2.5
         0.26100  0.28110  0.40320  0.60270  0.73640  0.82610 ; ... % Alpha = 3
         0.29570  0.31520  0.46780  0.66480  0.81020  0.89380 ; ... % Alpha = 3.5
         0.32890  0.34770  0.52980  0.71980  0.88440  0.96060 ; ... % Alpha = 4
         0.36080  0.37880  0.58770  0.78780  0.95680  1.01770 ; ... % Alpha = 4.5
         0.39120  0.40840  0.64230  0.86510  1.02890  1.07660 ; ... % Alpha = 5
         0.42010  0.43650  0.69070  0.92020  1.09130  1.13030 ; ... % Alpha = 5.5
         0.44780  0.46330  0.73460  1.01980  1.15340  1.18080 ; ... % Alpha = 6
         0.47410  0.48870  0.78560  1.10410  1.20730  1.22800 ; ... % Alpha = 6.5
         0.49930  0.51300  0.82990  1.18610  1.25740  1.27020 ; ... % Alpha = 7
         0.52300  0.53580  0.88070  1.26190  1.29800  1.30520 ; ... % Alpha = 7.5
         0.54520  0.55720  0.92590  1.31200  1.32780  1.33280 ; ... % Alpha = 8
         0.56640  0.57770  0.98410  1.34080  1.34650  1.34970 ; ... % Alpha = 8.5
         0.58630  0.59700  1.08060  1.35170  1.35010  1.35090 ; ... % Alpha = 9
         0.60530  0.61560  1.36100  1.35770  1.34850  1.34880 ; ... % Alpha = 9.5
         0.62350  0.63460  1.39060  1.37830  1.36020  1.35580 ; ... % Alpha = 10
         0.64090  0.68790  1.41010  1.40410  1.37820  1.36800 ; ... % Alpha = 10.5
         0.65800  0.72860  1.43020  1.41950  1.38910  1.37470 ; ... % Alpha = 11
         0.67490  0.76050  1.42180  1.42890  1.39650  1.37770 ; ... % Alpha = 11.5
         0.69170  0.79200  1.41210  1.43590  1.40850  1.38440 ; ... % Alpha = 12
         0.70860  0.81930  1.35910  1.42980  1.44290  1.41120 ; ... % Alpha = 12.5
         0.72590  0.84870  1.30310  1.42630  1.42650  1.43560 ; ... % Alpha = 13
         0.74340  0.86690  0.74340  1.38350  1.43920  1.42420 ; ... % Alpha = 13.5
         0.76130  0.89530  0.76130  1.33800  1.40180  1.40160 ; ... % Alpha = 14
    ];
