%% ------------------ Airfoil Eppler E214C-PT database --------------------
%%%%%%%%%%%%%%%%%%%%%%%%%%%%%%%%%%%%%%%%%%%%%%%%%%%%%%%%%%%%%%%%%%%%%%%%%%%
%   Function: getAirfoilDataMultiReE214
%   Project: sabemmt
%   Author: Miguel Frade
%   Affiliation: Universidad Politecnica de Madrid (At time of publication)
%   Date: December 2025
%   License: Creative Commons Attribution-NonCommercial 4.0 (CC BY-NC 4.0)
%
%   Description:
%       Database containing the aerodynamic characteristics of the 
%       Eppler E214C-PT airfoil used in the optimization.
%
%   Data Content:
%       - Geometric coordinates (x, y)
%       - Lift (Cl) and Drag (Cd) coefficients tabulated against:
%         * Angle of Attack (Alpha)
%         * Reynolds Number (Re)
%
%   Source & Methodology:
%       1. Geometry Reference: The airfoil geometry and initial reference
%          data were extracted from the book:
%          "Airfoils at Low Speeds" by Michael S. Selig, John F. Donovan,
%          and David B. Fraser (SoarTech 8, 1989)
%       2. Polars: The Cl/Cd tables provided here were calculated using 
%          XFOIL simulations based on that extracted geometry.
%
%   Outputs:
%       data - Struct containing interpolation grids and raw matrices.
%%%%%%%%%%%%%%%%%%%%%%%%%%%%%%%%%%%%%%%%%%%%%%%%%%%%%%%%%%%%%%%%%%%%%%%%%%%


function data = getAirfoilDataMultiReE214()
    % Auto-generated SMOOTHED Airfoil Database from XFOIL simulations
    % Airfoil: E214

    data.Re = [10000 20000 40000 60000 80000 100000 130000 160000 200000 ];
    data.alpha_deg = [-6 -5.75 -5.5 -5.25 -5 -4.75 -4.5 -4.25 -4 -3.75 -3.5 -3.25 -3 -2.75 -2.5 -2.25 -2 -1.75 -1.5 -1.25 -1 -0.75 -0.5 -0.25 0 0.25 0.5 0.75 1 1.25 1.5 1.75 2 2.25 2.5 2.75 3 3.25 3.5 3.75 4 4.25 4.5 4.75 5 5.25 5.5 5.75 6 6.25 6.5 6.75 7 7.25 7.5 7.75 8 8.25 8.5 8.75 9 9.25 9.5 9.75 10 10.25 10.5 10.75 11 11.25 11.5 11.75 12 12.25 12.5 12.75 13 13.25 13.5 13.75 14 14.25 14.5 14.75 15 15.25 15.5 15.75 16 16.25 16.5 16.75 17 17.25 17.5 17.75 18 ];

    % --- Airfoil Geometry (Upper/Lower Surfaces) ---
    data.x_u = [0 0.0021 0.00856 0.01904 0.03434 0.05349 0.07665 0.10366 0.13424 0.16816 0.2051 0.24474 0.28674 0.33076 0.37645 0.42346 0.47142 0.51991 0.56852 0.61682 0.6643 0.7104 0.75457 0.79626 0.83508 0.87072 0.90279 0.93081 0.95431 0.97312 0.98737 0.99669 1 ];
    data.y_u = [0 0.00619 0.01465 0.02379 0.03331 0.04258 0.05168 0.06028 0.06822 0.07532 0.08142 0.08639 0.09008 0.09241 0.09332 0.09281 0.09093 0.08776 0.08344 0.07813 0.07207 0.06544 0.05841 0.05102 0.04344 0.03576 0.02833 0.02139 0.01501 0.00916 0.00422 0.00104 0 ];
    data.x_l = [0 5e-05 0.0036 0.01326 0.0283 0.04858 0.0739 0.10406 0.13874 0.17759 0.22017 0.26599 0.31449 0.36508 0.41714 0.4703 0.5245 0.57932 0.634 0.6877 0.73959 0.78883 0.83461 0.87612 0.91365 0.94632 0.96809 0.98852 0.99646 1 ];
    data.y_l = [0 -0.00086 -0.00632 -0.01087 -0.01475 -0.01784 -0.02011 -0.02161 -0.02236 -0.02245 -0.02193 -0.02086 -0.01928 -0.01721 -0.01453 -0.011 -0.00678 -0.00245 0.00155 0.00495 0.00756 0.00923 0.00994 0.0097 0.00862 0.00684 0.00461 0.00235 0.00065 0 ];

    % --- Aerodynamic Coefficients (SMOOTHED) ---
    % Rows: Alpha, Cols: Reynolds
    data.cl_matrix = [ ...
        -0.24282 -0.21929 -0.23004 -0.25330 -0.29239 -0.35058 -0.43118 -0.53833 -0.67828 ; ... % Alpha = -6
        -0.25348 -0.31097 -0.32588 -0.34218 -0.36008 -0.37977 -0.40143 -0.42730 -0.44687 ; ... % Alpha = -5.75
        -0.26494 -0.36632 -0.37683 -0.38332 -0.38492 -0.38079 -0.37008 -0.34161 -0.29907 ; ... % Alpha = -5.5
        -0.27735 -0.39461 -0.39620 -0.39125 -0.37956 -0.36094 -0.33516 -0.27514 -0.21146 ; ... % Alpha = -5.25
        -0.29191 -0.40639 -0.40061 -0.38140 -0.35399 -0.32210 -0.29230 -0.22502 -0.16438 ; ... % Alpha = -5
        -0.30631 -0.41121 -0.40194 -0.37527 -0.33606 -0.29531 -0.24474 -0.16900 -0.10448 ; ... % Alpha = -4.75
        -0.33958 -0.40812 -0.38678 -0.35743 -0.31610 -0.26419 -0.19544 -0.12999 -0.08031 ; ... % Alpha = -4.5
        -0.32952 -0.39730 -0.35818 -0.33092 -0.29825 -0.23160 -0.14867 -0.09372 -0.04257 ; ... % Alpha = -4.25
        -0.26271 -0.37834 -0.32111 -0.29985 -0.28409 -0.20229 -0.11155 -0.05494 -0.00538 ; ... % Alpha = -4
        -0.17029 -0.35292 -0.28083 -0.26538 -0.25929 -0.16317 -0.07143 -0.01723  0.03115 ; ... % Alpha = -3.75
        -0.08467 -0.32152 -0.24526 -0.23227 -0.22131 -0.11573 -0.03336  0.01932  0.06809 ; ... % Alpha = -3.5
        -0.03556 -0.28682 -0.21277 -0.20166 -0.17567 -0.07622  0.00536  0.05882  0.10648 ; ... % Alpha = -3.25
        -0.05380 -0.25064 -0.18281 -0.17451 -0.12929 -0.03658  0.04524  0.09812  0.14619 ; ... % Alpha = -3
        -0.07859 -0.21676 -0.15532 -0.14854 -0.08475  0.00483  0.08625  0.13919  0.18613 ; ... % Alpha = -2.75
        -0.09807 -0.18771 -0.12831 -0.12439 -0.04067  0.04480  0.12554  0.17750  0.22526 ; ... % Alpha = -2.5
        -0.12103 -0.16540 -0.09803 -0.09677  0.00123  0.08276  0.16172  0.21434  0.26262 ; ... % Alpha = -2.25
        -0.13741 -0.16031 -0.07324 -0.06866  0.03841  0.11721  0.19549  0.24804  0.29927 ; ... % Alpha = -2
        -0.13987 -0.15367 -0.06172 -0.04378  0.06987  0.14686  0.22816  0.28307  0.33453 ; ... % Alpha = -1.75
        -0.12663 -0.13746 -0.06361 -0.02615  0.09423  0.17381  0.25894  0.31785  0.36963 ; ... % Alpha = -1.5
        -0.10129 -0.11003 -0.06649 -0.01296  0.11059  0.20072  0.28993  0.35253  0.40273 ; ... % Alpha = -1.25
        -0.07216 -0.07324 -0.05913  0.00449  0.13077  0.22324  0.32063  0.38691  0.43625 ; ... % Alpha = -1
        -0.04675 -0.03468 -0.03486  0.03707  0.15818  0.24501  0.34879  0.42072  0.46812 ; ... % Alpha = -0.75
        -0.02284 -0.00917 -0.00161  0.08122  0.19565  0.27118  0.37714  0.45227  0.50000 ; ... % Alpha = -0.5
         0.00036  0.01599  0.03023  0.13081  0.24134  0.30672  0.40407  0.48207  0.53024 ; ... % Alpha = -0.25
         0.02295  0.04008  0.05573  0.17767  0.28877  0.34992  0.43292  0.50921  0.55892 ; ... % Alpha = 0
         0.04500  0.06325  0.07979  0.21922  0.33079  0.39637  0.46823  0.53290  0.58628 ; ... % Alpha = 0.25
         0.06666  0.08578  0.10272  0.25994  0.36957  0.44219  0.51083  0.56035  0.61251 ; ... % Alpha = 0.5
         0.08782  0.10757  0.12463  0.29863  0.40640  0.48525  0.55629  0.59231  0.63545 ; ... % Alpha = 0.75
         0.10859  0.12877  0.14538  0.33499  0.44230  0.52565  0.60063  0.62873  0.65885 ; ... % Alpha = 1
         0.12896  0.14943  0.16336  0.37094  0.47867  0.56672  0.64040  0.66775  0.68546 ; ... % Alpha = 1.25
         0.14886  0.16949  0.18689  0.40479  0.51699  0.60726  0.67711  0.70527  0.71584 ; ... % Alpha = 1.5
         0.16838  0.18908  0.21802  0.43740  0.55609  0.64624  0.71237  0.73936  0.74906 ; ... % Alpha = 1.75
         0.18766  0.20840  0.25565  0.47028  0.59495  0.68539  0.74688  0.77154  0.78309 ; ... % Alpha = 2
         0.20653  0.22719  0.29680  0.50262  0.63184  0.72349  0.78047  0.80238  0.81371 ; ... % Alpha = 2.25
         0.22506  0.24557  0.33642  0.53571  0.66623  0.75864  0.81310  0.83287  0.84295 ; ... % Alpha = 2.5
         0.24325  0.26357  0.37035  0.56881  0.70095  0.79271  0.84471  0.86271  0.87136 ; ... % Alpha = 2.75
         0.26105  0.28112  0.40376  0.60106  0.73648  0.82682  0.87547  0.89143  0.89906 ; ... % Alpha = 3
         0.27849  0.29828  0.43622  0.63348  0.77424  0.86061  0.90542  0.91948  0.92630 ; ... % Alpha = 3.25
         0.29566  0.31516  0.46844  0.66336  0.81280  0.89415  0.93443  0.94711  0.95317 ; ... % Alpha = 3.5
         0.31242  0.33158  0.49849  0.69267  0.85151  0.92768  0.96280  0.97431  0.97968 ; ... % Alpha = 3.75
         0.32887  0.34767  0.52858  0.72333  0.88827  0.95912  0.99046  1.00119  1.00581 ; ... % Alpha = 4
         0.34495  0.36335  0.55678  0.75261  0.92447  0.98976  1.01767  1.02749  1.03147 ; ... % Alpha = 4.25
         0.36073  0.37872  0.58541  0.78728  0.95917  1.01917  1.04446  1.05293  1.05686 ; ... % Alpha = 4.5
